2 years | 3.5 | 0.2 | 67
3 years | 3.6 | 0.4 | 69
4 years | 3.8 | 0.3 | 73
5 years | 3.9 | 0.3 | 75
6 years | 4.1 | 0.3 | 79
7 years | 4.2 | 0.3 | 81
8 years | 4.4 | 0.3 | 85
9 years | 4.6 | 0.3 | 88
10 years | 4.7 | 0.3 | 90
11 years | 4.9 | 0.3 | 94
12 years | 5.0 | 0.2 | 96
13 years | 5.0 | 0.3 | 96
14 years | 5.0 | 0.3 | 96
15 years | 5.0 | 0.3 | 96
16 years | 5.1 | 0.3 | 98
17 years | 5.0 | 0.2 | 96
18 years | 5.0 | 0.2 | 96
19 years | 5.0 | 0.2 | 96
20 years and older | 5.2 | 0.5 | 100
20–29 years | 5.0 | 0.5 | 96
30–39 years | 5.1 | 0.4 | 98
40–49 years | 5.2 | 0.5 | 100
50–59 years | 5.3 | 0.5 | 102
60–69 years | 5.3 | 0.6 | 102
70–79 years | 5.3 | 0.5 | 102
80 years and older | 5.4 | 0.5 | 104