2 years | 3.6 | 0.4 | 61
3 years | 3.8 | 0.4 | 64
4 years | 3.9 | 0.4 | 66
5 years | 4.1 | 0.4 | 69
6 years | 4.2 | 0.3 | 71
7 years | 4.4 | 0.3 | 75
8 years | 4.5 | 0.4 | 76
9 years | 4.7 | 0.4 | 80
10 years | 4.8 | 0.3 | 81
11 years | 5.0 | 0.4 | 85
12 years | 5.3 | 0.4 | 90
13 years | 5.5 | 0.4 | 93
14 years | 5.7 | 0.4 | 97
15 years | 5.7 | 0.3 | 97
16 years | 5.7 | 0.2 | 97
17 years | 5.8 | 0.3 | 98
18 years | 5.8 | 0.3 | 98
19 years | 5.8 | 0.2 | 98
20 years and older | 5.9 | 0.6 | 100
20–29 years | 5.8 | 0.5 | 98
30–39 years | 5.9 | 0.6 | 100
40–49 years | 5.9 | 0.5 | 100
50–59 years | 6.0 | 0.6 | 102
60–69 years | 6.1 | 0.5 | 103
70–79 years | 6.1 | 0.6 | 103
80 years and older | 6.1 | 0.6 | 103