2 years | 4.2 | 0.3 | 65
3 years | 4.4 | 0.5 | 68
4 years | 4.6 | 0.4 | 71
5 years | 4.8 | 0.5 | 74
6 years | 4.9 | 0.3 | 75
7 years | 5.1 | 0.4 | 78
8 years | 5.3 | 0.3 | 82
9 years | 5.6 | 0.4 | 86
10 years | 5.7 | 0.3 | 88
11 years | 5.9 | 0.3 | 91
12 years | 6.1 | 0.4 | 94
13 years | 6.2 | 0.4 | 95
14 years | 6.2 | 0.3 | 95
15 years | 6.2 | 0.4 | 95
16 years | 6.2 | 0.3 | 95
17 years | 6.2 | 0.4 | 95
18 years | 6.1 | 0.4 | 94
19 years | 6.3 | 0.4 | 97
20 years and older | 6.5 | 0.8 | 100
20–29 years | 6.2 | 0.6 | 95
30–39 years | 6.4 | 0.7 | 98
40–49 years | 6.5 | 0.7 | 100
50–59 years | 6.7 | 0.8 | 103
60–69 years | 6.6 | 0.6 | 102
70–79 years | 6.6 | 0.7 | 102
80 years and older | 6.5 | 0.7 | 100