2 years | 4.4 | 0.4 | 59
3 years | 4.6 | 0.4 | 62
4 years | 4.7 | 0.4 | 64
5 years | 4.9 | 0.5 | 66
6 years | 5.1 | 0.4 | 69
7 years | 5.3 | 0.5 | 72
8 years | 5.6 | 0.5 | 76
9 years | 5.8 | 0.5 | 78
10 years | 5.9 | 0.4 | 80
11 years | 6.2 | 0.5 | 84
12 years | 6.6 | 0.4 | 89
13 years | 6.8 | 0.5 | 92
14 years | 7.0 | 0.3 | 95
15 years | 7.2 | 0.4 | 97
16 years | 7.2 | 0.3 | 97
17 years | 7.3 | 0.4 | 99
18 years | 7.2 | 0.4 | 97
19 years | 7.1 | 0.4 | 96
20 years and older | 7.4 | 0.8 | 100
20–29 years | 7.2 | 0.7 | 97
30–39 years | 7.3 | 0.7 | 99
40–49 years | 7.4 | 0.7 | 100
50–59 years | 7.5 | 0.8 | 101
60–69 years | 7.5 | 0.8 | 101
70–79 years | 7.5 | 0.8 | 101
80 years and older | 7.5 | 0.7 | 101