2 years | 50.8 | 4 | 50
3 years | 52.7 | 6 | 52
4 years | 55.8 | 5 | 55
5 years | 58.4 | 6 | 57
6 years | 60.9 | 6 | 60
7 years | 65.2 | 7 | 64
8 years | 69.4 | 8 | 68
9 years | 72.8 | 9 | 71
10 years | 75.8 | 8 | 74
11 years | 81.2 | 9 | 79
12 years | 85.5 | 10 | 84
13 years | 91.0 | 9 | 89
14 years | 93.9 | 9 | 92
15 years | 93.4 | 8 | 91
16 years | 95.6 | 8 | 94
17 years | 97.6 | 10 | 95
18 years | 95.8 | 5 | 94
19 years | 97.6 | 4 | 95
20 years and older | 102.2 | 16 | 100
20–29 years | 98.2 | 14 | 96
30–39 years | 102.7 | 16 | 100
40–49 years | 104.0 | 16 | 102
50–59 years | 105.4 | 17 | 103
60–69 years | 103.1 | 16 | 101
70–79 years | 101.4 | 15 | 99
80 years and older | 99.4 | 14 | 97