2 years | 51.0 | 5 | 51
3 years | 52.4 | 5 | 53
4 years | 54.6 | 5 | 55
5 years | 57.3 | 6 | 58
6 years | 61.0 | 8 | 61
7 years | 64.1 | 7 | 64
8 years | 67.8 | 8 | 68
9 years | 72.3 | 9 | 73
10 years | 74.5 | 9 | 75
11 years | 78.2 | 10 | 79
12 years | 82.6 | 8 | 83
13 years | 85.3 | 9 | 86
14 years | 90.8 | 8 | 91
15 years | 92.5 | 8 | 93
16 years | 93.2 | 8 | 94
17 years | 95.0 | 7 | 95
18 years | 94.7 | 8 | 95
19 years | 96.0 | 7 | 96
20 years and older | 99.6 | 13 | 100
20–29 years | 97.4 | 12 | 98
30–39 years | 99.6 | 12 | 100
40–49 years | 100.7 | 14 | 101
50–59 years | 101.1 | 12 | 102
60–69 years | 100.6 | 12 | 101
70–79 years | 99.6 | 12 | 100
80 years and older | 97.5 | 11 | 98