2 years | 47.9 | 4 | 50
3 years | 49.8 | 5 | 52
4 years | 51.4 | 5 | 54
5 years | 53.0 | 5 | 56
6 years | 55.7 | 6 | 59
7 years | 57.4 | 6 | 60
8 years | 60.0 | 7 | 63
9 years | 63.3 | 9 | 66
10 years | 65.1 | 10 | 68
11 years | 68.7 | 11 | 72
12 years | 72.2 | 11 | 76
13 years | 73.0 | 11 | 77
14 years | 77.4 | 8 | 81
15 years | 78.7 | 12 | 83
16 years | 78.3 | 8 | 82
17 years | 81.0 | 10 | 85
18 years | 80.2 | 9 | 84
19 years | 82.1 | 9 | 86
20 years and older | 95.2 | 19 | 100
20–29 years | 87.6 | 15 | 92
30–39 years | 93.6 | 17 | 98
40–49 years | 97.7 | 19 | 103
50–59 years | 100.5 | 17 | 106
60–69 years | 101.6 | 19 | 107
70–79 years | 100.1 | 19 | 105
80 years and older | 97.6 | 17 | 103